BinDepths=[0, 1,1,1,1,1,1,1,1,2,2,2,2,2,2,2,2];
BinParents=[0,1,1,1,1,1,1,1,1,2,2,2,2,2,2,2,2];
BinBoudaries(:,1)=[0,0,0,100,100];
BinBoundarie(:,2)=[0,0,0,50,50,50];
